2290192767722
2290192766736
2290192767722
2290192769648
2290192767722
2290192769648
2290192765056
2290192765052
2290192769897
2290192767632
2290192767722
2290192769699
2290192769648
2290192765052
2290192769897
2290192767632
2290192769648
2290192767722
2290192765052
2290192769897
2290192767632
2290192763504
2290192767311
2290192766544
2290192767836
2290192768767
2290192766493
2290192769848
2290192762433
2290192767292
2290192769881
2290192763673
2290192769853
2290192760710
2290192767879
2290192768245
2290192768632
2290192763593
2290192764400
2290192760269
2290192768766
2290192761189
2290192768435
2290192767394
2290192768071
2290192763919
2290192767305
2290192768720
2290192766085
2290192765327
2290192767092
2290192766615
2290192764170
2290192764058
2290192764860
251918215989
251918215160
251918210808
251918219028
251918214892
251918218822
251918214519
251918215647
251918216492
251918219225
251918217960
251918215307
251918219571
251918214851
251918212902
251918219740
251918210155
251918216075
251918212312
251918218363
251918214491
251918214684
251918216776
251918212299
251918217983
251918214224
251918210511
251918214332
251918214884
251918213894
251918216622
251918212342
251918219020
251918217267
251918212843
251918210484
251918212656
